55
12
94
91
21
0
56
28
37
83
62
60
89
94
93
81
94
34
14
23
28
4
43
56
63
95
11
72
52
72
57
97
54
19
17
8
33
3
53
7
72
80
58
24
38
91
10
43
7
49
96
23
98
48
24
79
78
16
37
79
42
1
50
92
79
79
4
8
54
10
52
75
46
33
84
34
97
2
25
95
13
100
71
23
70
74
95
41
45
43
41
76
1
26
45
2
83
12
6
68
67
57
21
5
100
13
45
69
50
55
17
52
63
77
96
25
89
10
57
81
75
29
74
10
7
34
46
38
56
56
85
88
16
90
80
15
21
57
78
21
3
94
78
65
17
62
99
72
95
1
81
82
27
56
89
79
50
1
0
69
72
6
100
86
83
47
46
97
6
68
10
28
10
52
52
51
89
76
44
35
61
68
35
22
11
71
88
47
55
62
81
69
92
99
15
34
37
22
78
22
97
44
58
25
37
48
9
33
54
37
97
8
26
17
41
38
57
61
43
16
35
15
2
47
64
6
13
33
87
68
32
90
2
11
42
21
100
19
33
22
81
66
64
23
83
58
22
92
7
44
99
84
78
96
76
47
53
62
65
63
88
88
0
62
93
25
48
4
48
71
44
75
62
35
66
99
88
18
4
48
73
51
81
81
44
38
1
72
25
35
8
99
7
28
94
62
22
28
28
74
81
13
30
91
8
29
44
1
11
83
37
39
14
27
23
75
19
56
26
67
28
42
29
51
24
34
1
91
21
96
94
5
96
51
76
11
80
24
79
2
95
99
29
77
29
4
13
47
86
10
48
64
54
89
58
21
44
27
85
67
59
95
0
10
100
57
94
48
39
17
35
98
48
7
34
50
100
60
95
19
1
28
87
52
20
61
61
73
48
17
66
71
22
68
55
78
53
68
90
29
44
72
84
27
49
2
86
73
46
79
86
56
83
43
89
82
56
93
43
9
69
38
85
1
54
66
24
27
17
23
51
84
80
93
82
48
73
60
63
7
37
72
64
37
17
40
91
2
6
69
93
49
13
26
39
37
17
4
68
51
38
8
40
42
67
33
47
38
74
95
9
51
47
10
6
18
66
73
78
37
99
77
15
6
85
77
30
57
24
49
29
57
61
1
31
20
47
71
43
43
88
25
1
64
95
56
4
44
82
92
98
64
25
14
15
61
75
57
22
77
93
27
87
47
35
64
19
37
25
48
72
17
85
19
67
97
52
52
98
17
30
48
67
20
81
76
57
18
11
28
58
28
79
82
82
65
1
61
1
38
79
74
83
41
65
78
73
72
10
10
52
49
74
97
0
9
26
72
63
38
57
26
40
31
4
77
83
97
93
9
13
25
0
54
77
51
36
87
95
62
46
16
33
64
35
7
1
70
94
97
29
48
13
64
12
57
55
63
98
24
62
100
16
22
82
55
6
45
55
12
11
71
20
45
43
20
35
90
76
62
39
19
1
75
48
32
72
64
35
29
13
89
64
0
66
66
2
49
96
61
37
35
69
100
7
26
57
11
87
0
60
78
58
99
93
41
95
42
9
83
78
44
84
56
13
27
80
93
79
54
22
66
21
51
46
2
76
34
74
68
59
64
17
63
18
62
41
24
26
80
19
35
11
100
92
46
56
12
59
33
24
66
10
89
82
71
0
73
18
95
74
99
87
88
45
11
20
24
11
13
100
44
3
13
23
94
7
21
93
57
25
14
50
3
69
93
77
69
87
71
46
60
90
26
14
38
64
69
50
82
100
16
73
41
15
24
72
27
28
88
12
46
49
67
72
75
81
90
84
73
32
28
10
92
88
86
22
78
89
11
33
93
10
95
57
42
63
29
12
53
82
49
23
11
31
48
69
8
68
63
33
38
42
30
42
83
56
60
31
88
70
2
67
3
40
33
9
51
94
40
72
61
13
11
75
47
75
74
96
84
22
91
98
100
22
2
7
24
51
77
18
11
38
89
53
87
90
24
32
97
31
66
56
9
69
97
0
47
40
16
13
39
35
33
80
20
40
30
53
30
62
83
2
10
87
87
43
12
42
26
88
68
22
75
100
100
94
97
82
2
0
83
85
95
38
63
2
17
55
14
68
99
7
42
88
51
28
46
96
5
26
44
90
91
30
78
27
37
43
18
1
9
15
20
36
65
4
47
62
22
5
66
98
49
53
64
93
96
86
57
75
46
33
58
48
3
8
43
26
32
77
17
63
58
32
82
12
15
74
9
45
14
88
79
17
37
25
5
35
80
33
30
63
72
34
28
33
97
50
